9.965896606445312e-05
5.221366882324219e-05
4.38690185546875e-05
5.364418029785156e-05
5.3882598876953125e-05
3.2901763916015625e-05
1.9311904907226562e-05
3.647804260253906e-05
2.193450927734375e-05
5.745887756347656e-05
4.220008850097656e-05
5.507469177246094e-05
1.9311904907226562e-05
2.4557113647460938e-05
6.365776062011719e-05
7.915496826171875e-05
4.4345855712890625e-05
1.9550323486328125e-05
4.744529724121094e-05
3.170967102050781e-05
5.817413330078125e-05
4.506111145019531e-05
5.6743621826171875e-05
4.267692565917969e-05
1.9550323486328125e-05
0.00016045570373535156
4.1961669921875e-05
0.00018215179443359375
3.552436828613281e-05
3.1948089599609375e-05
3.147125244140625e-05
0.0002636909484863281
3.147125244140625e-05
2.1696090698242188e-05
8.511543273925781e-05
7.367134094238281e-05
3.1948089599609375e-05
3.814697265625e-05
0.00029921531677246094
2.2172927856445312e-05
5.1975250244140625e-05
3.123283386230469e-05
1.9550323486328125e-05
5.316734313964844e-05
3.170967102050781e-05
4.3392181396484375e-05
2.2172927856445312e-05
9.989738464355469e-05
2.9325485229492188e-05
5.173683166503906e-05
1.8835067749023438e-05
2.9325485229492188e-05
1.8835067749023438e-05
2.8133392333984375e-05
2.288818359375e-05
3.0279159545898438e-05
3.4332275390625e-05
2.2649765014648438e-05
1.9311904907226562e-05
2.765655517578125e-05
1.8835067749023438e-05
0.0002410411834716797
3.504753112792969e-05
2.574920654296875e-05
3.147125244140625e-05
0.0003616809844970703
3.218650817871094e-05
2.5510787963867188e-05
2.3365020751953125e-05
3.1948089599609375e-05
1.9311904907226562e-05
3.170967102050781e-05
5.173683166503906e-05
4.1961669921875e-05
3.170967102050781e-05
5.078315734863281e-05
3.1948089599609375e-05
5.054473876953125e-05
2.86102294921875e-05
3.528594970703125e-05
3.790855407714844e-05
0.00010919570922851562
4.100799560546875e-05
2.47955322265625e-05
5.030632019042969e-05
4.38690185546875e-05
3.409385681152344e-05
3.123283386230469e-05
4.982948303222656e-05
1.8835067749023438e-05
3.24249267578125e-05
3.170967102050781e-05
4.220008850097656e-05
3.814697265625e-05
5.984306335449219e-05
2.2411346435546875e-05
8.511543273925781e-05
1.9073486328125e-05
6.318092346191406e-05
3.147125244140625e-05
1.9073486328125e-05
2.5510787963867188e-05
3.647804260253906e-05
2.2649765014648438e-05
2.2411346435546875e-05
2.5510787963867188e-05
3.147125244140625e-05
2.7894973754882812e-05
4.1484832763671875e-05
1.9073486328125e-05
3.790855407714844e-05
5.269050598144531e-05
1.8835067749023438e-05
4.1484832763671875e-05
1.9788742065429688e-05
1.9073486328125e-05
2.2172927856445312e-05
3.695487976074219e-05
2.6226043701171875e-05
6.151199340820312e-05
0.0004057884216308594
1.9788742065429688e-05
6.031990051269531e-05
1.9311904907226562e-05
1.9073486328125e-05
5.364418029785156e-05
2.2649765014648438e-05
4.458427429199219e-05
2.47955322265625e-05
3.6716461181640625e-05
2.2649765014648438e-05
1.9311904907226562e-05
1.9073486328125e-05
4.315376281738281e-05
5.078315734863281e-05
6.580352783203125e-05
8.988380432128906e-05
2.5033950805664062e-05
2.574920654296875e-05
1.9311904907226562e-05
3.170967102050781e-05
4.1484832763671875e-05
3.4809112548828125e-05
3.123283386230469e-05
3.147125244140625e-05
3.814697265625e-05
3.528594970703125e-05
4.1961669921875e-05
6.270408630371094e-05
0.00010514259338378906
2.8848648071289062e-05
5.316734313964844e-05
5.0067901611328125e-05
3.4809112548828125e-05
5.269050598144531e-05
7.510185241699219e-05
2.5272369384765625e-05
3.4332275390625e-05
4.0531158447265625e-05
3.7670135498046875e-05
2.193450927734375e-05
4.9114227294921875e-05
1.9550323486328125e-05
1.9311904907226562e-05
2.2172927856445312e-05
2.8848648071289062e-05
3.218650817871094e-05
3.170967102050781e-05
1.9073486328125e-05
4.029273986816406e-05
3.170967102050781e-05
3.147125244140625e-05
3.695487976074219e-05
9.107589721679688e-05
4.482269287109375e-05
6.151199340820312e-05
4.601478576660156e-05
4.315376281738281e-05
3.170967102050781e-05
0.0001266002655029297
4.1961669921875e-05
1.9788742065429688e-05
1.9073486328125e-05
1.9550323486328125e-05
2.2411346435546875e-05
2.1696090698242188e-05
2.574920654296875e-05
3.2901763916015625e-05
4.315376281738281e-05
2.2649765014648438e-05
2.574920654296875e-05
4.649162292480469e-05
5.5789947509765625e-05
3.7670135498046875e-05
1.8835067749023438e-05
3.361701965332031e-05
0.0001380443572998047
1.9073486328125e-05
1.8596649169921875e-05
1.9073486328125e-05
3.1948089599609375e-05
1.8835067749023438e-05
6.651878356933594e-05
3.123283386230469e-05
0.0001373291015625
4.4345855712890625e-05
3.743171691894531e-05
3.4809112548828125e-05
3.170967102050781e-05
0.00020599365234375
1.9311904907226562e-05
1.9073486328125e-05
3.218650817871094e-05
2.5033950805664062e-05
6.0558319091796875e-05
3.790855407714844e-05
6.67572021484375e-05
3.457069396972656e-05
3.790855407714844e-05
6.031990051269531e-05
5.4836273193359375e-05
6.008148193359375e-05
4.601478576660156e-05
0.00023698806762695312
0.00024437904357910156
3.814697265625e-05
4.076957702636719e-05
3.790855407714844e-05
3.266334533691406e-05
1.8835067749023438e-05
1.9073486328125e-05
0.0004107952117919922
2.5272369384765625e-05
1.9550323486328125e-05
7.987022399902344e-05
2.1696090698242188e-05
1.9073486328125e-05
4.1484832763671875e-05
1.8835067749023438e-05
3.743171691894531e-05
3.170967102050781e-05
1.9311904907226562e-05
2.2411346435546875e-05
1.9073486328125e-05
1.8835067749023438e-05
3.743171691894531e-05
2.288818359375e-05
2.5510787963867188e-05
3.4809112548828125e-05
1.9073486328125e-05
2.4557113647460938e-05
6.794929504394531e-05
5.078315734863281e-05
1.9788742065429688e-05
1.8835067749023438e-05
4.649162292480469e-05
3.4809112548828125e-05
2.5272369384765625e-05
3.457069396972656e-05
3.2901763916015625e-05
2.5272369384765625e-05
2.7894973754882812e-05
3.123283386230469e-05
3.170967102050781e-05
3.409385681152344e-05
3.123283386230469e-05
3.123283386230469e-05
6.508827209472656e-05
3.147125244140625e-05
7.748603820800781e-05
4.315376281738281e-05
0.00025200843811035156
3.7670135498046875e-05
8.940696716308594e-05
1.8835067749023438e-05
1.8835067749023438e-05
2.47955322265625e-05
5.1021575927734375e-05
3.504753112792969e-05
1.9073486328125e-05
3.0994415283203125e-05
3.743171691894531e-05
8.511543273925781e-05
2.193450927734375e-05
5.245208740234375e-05
6.079673767089844e-05
1.8596649169921875e-05
5.3882598876953125e-05
2.2411346435546875e-05
6.508827209472656e-05
4.982948303222656e-05
3.814697265625e-05
4.172325134277344e-05
3.123283386230469e-05
2.8371810913085938e-05
3.170967102050781e-05
3.719329833984375e-05
3.600120544433594e-05
1.9073486328125e-05
2.5272369384765625e-05
0.0001399517059326172
2.5510787963867188e-05
5.650520324707031e-05
0.0010595321655273438
0.00010895729064941406
3.910064697265625e-05
3.6716461181640625e-05
4.4345855712890625e-05
3.147125244140625e-05
2.193450927734375e-05
4.4345855712890625e-05
3.695487976074219e-05
0.0005283355712890625
2.288818359375e-05
3.4809112548828125e-05
0.00011038780212402344
0.0005035400390625
3.170967102050781e-05
1.9073486328125e-05
3.123283386230469e-05
3.409385681152344e-05
8.082389831542969e-05
4.267692565917969e-05
3.3855438232421875e-05
8.058547973632812e-05
2.4318695068359375e-05
3.0994415283203125e-05
6.794929504394531e-05
3.790855407714844e-05
5.2928924560546875e-05
5.507469177246094e-05
1.9550323486328125e-05
2.9087066650390625e-05
0.00021338462829589844
0.00011944770812988281
2.2649765014648438e-05
0.00026726722717285156
4.458427429199219e-05
4.935264587402344e-05
1.9073486328125e-05
1.8835067749023438e-05
2.5272369384765625e-05
1.9788742065429688e-05
5.459785461425781e-05
2.8848648071289062e-05
4.100799560546875e-05
3.1948089599609375e-05
0.00011086463928222656
4.100799560546875e-05
1.8835067749023438e-05
1.8835067749023438e-05
0.000629425048828125
4.100799560546875e-05
2.5510787963867188e-05
2.5272369384765625e-05
3.504753112792969e-05
4.839897155761719e-05
2.5033950805664062e-05
5.793571472167969e-05
3.719329833984375e-05
1.9311904907226562e-05
2.7894973754882812e-05
2.47955322265625e-05
5.745887756347656e-05
1.9311904907226562e-05
5.1021575927734375e-05
3.1948089599609375e-05
2.193450927734375e-05
2.47955322265625e-05
1.8835067749023438e-05
1.8835067749023438e-05
4.887580871582031e-05
3.266334533691406e-05
2.86102294921875e-05
3.3855438232421875e-05
2.5033950805664062e-05
2.8848648071289062e-05
6.4849853515625e-05
1.9073486328125e-05
0.00015974044799804688
4.029273986816406e-05
1.9311904907226562e-05
2.47955322265625e-05
3.4809112548828125e-05
7.677078247070312e-05
2.5510787963867188e-05
1.9311904907226562e-05
7.43865966796875e-05
3.147125244140625e-05
3.743171691894531e-05
1.8835067749023438e-05
2.2172927856445312e-05
2.193450927734375e-05
1.9073486328125e-05
6.008148193359375e-05
2.8133392333984375e-05
3.24249267578125e-05
4.124641418457031e-05
3.337860107421875e-05
3.743171691894531e-05
4.458427429199219e-05
1.8835067749023438e-05
1.8835067749023438e-05
1.8835067749023438e-05
1.9073486328125e-05
3.4332275390625e-05
6.818771362304688e-05
2.7418136596679688e-05
1.9073486328125e-05
0.0002148151397705078
3.504753112792969e-05
4.744529724121094e-05
1.8835067749023438e-05
4.506111145019531e-05
2.5033950805664062e-05
4.863739013671875e-05
3.790855407714844e-05
3.314018249511719e-05
1.9311904907226562e-05
3.743171691894531e-05
4.00543212890625e-05
2.2172927856445312e-05
2.765655517578125e-05
5.698204040527344e-05
2.2172927856445312e-05
5.5789947509765625e-05
0.0003287792205810547
2.9325485229492188e-05
2.5272369384765625e-05
1.9311904907226562e-05
3.910064697265625e-05
3.600120544433594e-05
1.9311904907226562e-05
4.315376281738281e-05
5.5789947509765625e-05
2.47955322265625e-05
2.7894973754882812e-05
1.9311904907226562e-05
5.698204040527344e-05
1.9073486328125e-05
2.5033950805664062e-05
1.8835067749023438e-05
4.839897155761719e-05
2.8371810913085938e-05
1.8835067749023438e-05
3.4809112548828125e-05
4.315376281738281e-05
0.0003361701965332031
2.2411346435546875e-05
2.574920654296875e-05
2.9087066650390625e-05
3.123283386230469e-05
3.7670135498046875e-05
3.2901763916015625e-05
2.193450927734375e-05
1.9311904907226562e-05
2.5510787963867188e-05
4.00543212890625e-05
2.5033950805664062e-05
2.193450927734375e-05
1.9311904907226562e-05
3.3855438232421875e-05
3.600120544433594e-05
5.364418029785156e-05
4.029273986816406e-05
3.147125244140625e-05
3.790855407714844e-05
5.14984130859375e-05
3.170967102050781e-05
0.00011992454528808594
5.245208740234375e-05
3.4809112548828125e-05
4.7206878662109375e-05
3.1948089599609375e-05
0.0001049041748046875
2.47955322265625e-05
3.457069396972656e-05
3.6716461181640625e-05
4.601478576660156e-05
1.8835067749023438e-05
1.8596649169921875e-05
1.8835067749023438e-05
4.458427429199219e-05
1.9073486328125e-05
2.4318695068359375e-05
0.0003311634063720703
0.00012135505676269531
2.2411346435546875e-05
1.9311904907226562e-05
1.9073486328125e-05
5.125999450683594e-05
2.2411346435546875e-05
2.7894973754882812e-05
3.1948089599609375e-05
3.123283386230469e-05
4.863739013671875e-05
1.9073486328125e-05
9.72747802734375e-05
2.4557113647460938e-05
5.125999450683594e-05
1.9073486328125e-05
6.0558319091796875e-05
6.389617919921875e-05
0.0001227855682373047
6.961822509765625e-05
4.482269287109375e-05
1.9073486328125e-05
3.4809112548828125e-05
3.147125244140625e-05
1.9073486328125e-05
2.86102294921875e-05
1.9073486328125e-05
2.4318695068359375e-05
1.9073486328125e-05
1.9073486328125e-05
5.91278076171875e-05
2.8371810913085938e-05
2.86102294921875e-05
1.9073486328125e-05
3.4332275390625e-05
3.6716461181640625e-05
3.647804260253906e-05
3.695487976074219e-05
3.123283386230469e-05
5.0067901611328125e-05
4.029273986816406e-05
1.9073486328125e-05
2.4557113647460938e-05
0.00015616416931152344
3.743171691894531e-05
3.147125244140625e-05
1.8835067749023438e-05
1.9073486328125e-05
2.47955322265625e-05
1.8835067749023438e-05
3.1948089599609375e-05
3.1948089599609375e-05
3.170967102050781e-05
3.147125244140625e-05
0.0002014636993408203
0.0001163482666015625
0.001153707504272461
4.458427429199219e-05
3.0040740966796875e-05
3.361701965332031e-05
3.457069396972656e-05
3.4809112548828125e-05
5.5789947509765625e-05
3.123283386230469e-05
7.319450378417969e-05
3.075599670410156e-05
3.0994415283203125e-05
3.7670135498046875e-05
3.695487976074219e-05
3.457069396972656e-05
0.00010538101196289062
3.218650817871094e-05
7.462501525878906e-05
3.123283386230469e-05
4.410743713378906e-05
2.8371810913085938e-05
4.1961669921875e-05
1.9073486328125e-05
3.0994415283203125e-05
1.9311904907226562e-05
1.9311904907226562e-05
9.393692016601562e-05
3.1948089599609375e-05
4.100799560546875e-05
3.147125244140625e-05
3.170967102050781e-05
4.482269287109375e-05
8.463859558105469e-05
0.00011134147644042969
3.743171691894531e-05
2.193450927734375e-05
1.9073486328125e-05
3.147125244140625e-05
2.193450927734375e-05
1.9073486328125e-05
0.00010943412780761719
2.2649765014648438e-05
2.47955322265625e-05
2.574920654296875e-05
1.9073486328125e-05
2.9087066650390625e-05
7.009506225585938e-05
5.364418029785156e-05
2.8371810913085938e-05
1.9073486328125e-05
3.695487976074219e-05
2.193450927734375e-05
1.9311904907226562e-05
3.457069396972656e-05
3.170967102050781e-05
1.9073486328125e-05
1.8835067749023438e-05
1.8835067749023438e-05
1.9311904907226562e-05
1.8835067749023438e-05
8.344650268554688e-05
1.9073486328125e-05
1.9073486328125e-05
2.2172927856445312e-05
4.792213439941406e-05
1.9073486328125e-05
3.4332275390625e-05
2.9087066650390625e-05
3.4332275390625e-05
5.7697296142578125e-05
3.170967102050781e-05
4.3392181396484375e-05
1.8596649169921875e-05
2.47955322265625e-05
1.9073486328125e-05
2.1696090698242188e-05
2.4557113647460938e-05
2.193450927734375e-05
2.47955322265625e-05
4.553794860839844e-05
5.054473876953125e-05
4.458427429199219e-05
2.1696090698242188e-05
3.218650817871094e-05
0.00016307830810546875
3.147125244140625e-05
4.1484832763671875e-05
1.9311904907226562e-05
2.4557113647460938e-05
5.841255187988281e-05
3.6716461181640625e-05
7.271766662597656e-05
7.653236389160156e-05
4.4345855712890625e-05
5.054473876953125e-05
2.2411346435546875e-05
0.00019168853759765625
2.5272369384765625e-05
2.2172927856445312e-05
1.9311904907226562e-05
1.9311904907226562e-05
3.218650817871094e-05
4.410743713378906e-05
5.2928924560546875e-05
4.6253204345703125e-05
2.2172927856445312e-05
3.457069396972656e-05
7.033348083496094e-05
4.124641418457031e-05
1.9073486328125e-05
2.193450927734375e-05
2.8371810913085938e-05
3.2901763916015625e-05
4.4345855712890625e-05
1.8835067749023438e-05
2.1696090698242188e-05
8.344650268554688e-05
3.743171691894531e-05
1.9311904907226562e-05
3.075599670410156e-05
5.0067901611328125e-05
3.170967102050781e-05
4.363059997558594e-05
3.743171691894531e-05
2.4557113647460938e-05
3.170967102050781e-05
3.147125244140625e-05
6.985664367675781e-05
2.4557113647460938e-05
2.1696090698242188e-05
2.4080276489257812e-05
3.719329833984375e-05
1.9311904907226562e-05
1.9311904907226562e-05
2.1696090698242188e-05
4.9114227294921875e-05
3.8623809814453125e-05
3.170967102050781e-05
4.839897155761719e-05
3.170967102050781e-05
2.2172927856445312e-05
1.9073486328125e-05
1.8835067749023438e-05
2.5272369384765625e-05
1.9311904907226562e-05
3.218650817871094e-05
5.0067901611328125e-05
1.9073486328125e-05
1.8596649169921875e-05
5.555152893066406e-05
3.147125244140625e-05
3.123283386230469e-05
3.147125244140625e-05
4.363059997558594e-05
2.6702880859375e-05
2.4557113647460938e-05
0.00011658668518066406
2.765655517578125e-05
3.695487976074219e-05
3.123283386230469e-05
2.765655517578125e-05
2.1696090698242188e-05
2.8371810913085938e-05
4.4345855712890625e-05
2.7894973754882812e-05
2.2172927856445312e-05
1.8835067749023438e-05
4.38690185546875e-05
5.602836608886719e-05
4.4345855712890625e-05
3.361701965332031e-05
2.193450927734375e-05
2.765655517578125e-05
4.696846008300781e-05
1.8835067749023438e-05
2.1696090698242188e-05
4.506111145019531e-05
5.0067901611328125e-05
2.0742416381835938e-05
1.9550323486328125e-05
3.218650817871094e-05
9.512901306152344e-05
0.00012612342834472656
5.698204040527344e-05
2.193450927734375e-05
3.457069396972656e-05
4.2438507080078125e-05
6.747245788574219e-05
3.1948089599609375e-05
0.04628181457519531
0.00010824203491210938
3.981590270996094e-05
9.036064147949219e-05
9.799003601074219e-05
3.2901763916015625e-05
4.482269287109375e-05
0.00011396408081054688
4.553794860839844e-05
3.647804260253906e-05
4.410743713378906e-05
3.0994415283203125e-05
6.008148193359375e-05
3.170967102050781e-05
8.821487426757812e-05
0.00010156631469726562
5.7220458984375e-05
5.3882598876953125e-05
2.5033950805664062e-05
3.457069396972656e-05
2.4557113647460938e-05
3.147125244140625e-05
3.4332275390625e-05
3.695487976074219e-05
4.482269287109375e-05
4.363059997558594e-05
1.8596649169921875e-05
4.935264587402344e-05
2.7894973754882812e-05
0.0003781318664550781
2.2172927856445312e-05
1.8835067749023438e-05
1.8835067749023438e-05
2.7179718017578125e-05
3.075599670410156e-05
3.0994415283203125e-05
6.0558319091796875e-05
1.8596649169921875e-05
5.6743621826171875e-05
1.8835067749023438e-05
1.8835067749023438e-05
1.8835067749023438e-05
3.123283386230469e-05
4.935264587402344e-05
3.719329833984375e-05
6.818771362304688e-05
2.86102294921875e-05
4.887580871582031e-05
2.7179718017578125e-05
3.147125244140625e-05
3.6716461181640625e-05
4.267692565917969e-05
1.8596649169921875e-05
4.935264587402344e-05
2.193450927734375e-05
1.8596649169921875e-05
1.8596649169921875e-05
1.8835067749023438e-05
1.9073486328125e-05
1.8596649169921875e-05
2.4318695068359375e-05
1.9073486328125e-05
4.076957702636719e-05
3.147125244140625e-05
1.8835067749023438e-05
4.100799560546875e-05
3.9577484130859375e-05
6.127357482910156e-05
3.695487976074219e-05
4.4345855712890625e-05
2.1696090698242188e-05
5.14984130859375e-05
1.9073486328125e-05
6.794929504394531e-05
3.981590270996094e-05
4.0531158447265625e-05
4.839897155761719e-05
3.6716461181640625e-05
1.8835067749023438e-05
1.8835067749023438e-05
2.1457672119140625e-05
9.608268737792969e-05
4.4345855712890625e-05
4.4345855712890625e-05
1.9073486328125e-05
4.0531158447265625e-05
5.14984130859375e-05
4.76837158203125e-05
1.8835067749023438e-05
2.193450927734375e-05
1.8358230590820312e-05
3.123283386230469e-05
3.695487976074219e-05
6.508827209472656e-05
4.9114227294921875e-05
2.1696090698242188e-05
1.8596649169921875e-05
5.2928924560546875e-05
1.8835067749023438e-05
2.4557113647460938e-05
1.8596649169921875e-05
1.8596649169921875e-05
2.47955322265625e-05
3.1948089599609375e-05
3.123283386230469e-05
2.4080276489257812e-05
2.4318695068359375e-05
3.981590270996094e-05
3.147125244140625e-05
5.7220458984375e-05
3.814697265625e-05
1.8835067749023438e-05
3.147125244140625e-05
1.9073486328125e-05
4.6253204345703125e-05
1.8596649169921875e-05
3.0517578125e-05
5.269050598144531e-05
3.719329833984375e-05
4.4345855712890625e-05
3.695487976074219e-05
3.9577484130859375e-05
8.344650268554688e-05
2.2172927856445312e-05
2.1696090698242188e-05
3.123283386230469e-05
1.8596649169921875e-05
1.8596649169921875e-05
2.4557113647460938e-05
2.4557113647460938e-05
2.4318695068359375e-05
0.0001087188720703125
1.8596649169921875e-05
0.00019097328186035156
3.170967102050781e-05
0.0005402565002441406
4.410743713378906e-05
8.368492126464844e-05
4.9114227294921875e-05
0.0001010894775390625
4.267692565917969e-05
1.8596649169921875e-05
1.8835067749023438e-05
4.887580871582031e-05
4.458427429199219e-05
4.38690185546875e-05
1.8835067749023438e-05
5.650520324707031e-05
9.870529174804688e-05
3.719329833984375e-05
1.9073486328125e-05
1.9073486328125e-05
1.9073486328125e-05
1.8835067749023438e-05
3.9577484130859375e-05
