35
13
52
3
3
461
41
5
1
28
24
25
1
15
6
111
1
13
13
7
94
3
27
10
354
4
299
86
36
132
37
10
2
161
28
2
2
2
42
49
64
2
109
2
25
1
5
63
49
1
8
2
1
4
1
8
6
1
9
3
1
12
1
7
16
6
1
2
14
4
1
1
25
4
2165
859
4
1
13
8
1
2
4
8
38
23
8
1
217
247
261
25
1
13
11
12
46
12
7
1
1
12
1
567
73
2
6
1
11
1
1
15
10
12
360
33
1
2
89
25
12
9
1
13
4
1
1
2
162
12
6
1
3
50
2
31
4
232
2
2
14
2
20
1
7
5
11
127
7
176
11
14
117
4
34
14
14
4
1
24
4
52
373
5
4
122
66
2
3
1
71
136
5
15
13
4
497
23
13
32
13
6
8
3
22
7
5
78
7
1
13
14
172
15
2
234
532
17
9
19
37
2
13
1
1
105
21
6825
5
1
73
3
6
3
11
1
58
4
1
1
1
90
15
162
13
40329
59
36
31
52
34
20
32
7
3
12
9
81
2596
3
8
3
6
100
60
6
11
90
3
6
2
10
7
1
3
1
10
8
9
3
1
787
8
26
70
121
1
2
3
68
6
6
1819
2
20
27
14
108
5
2
1
5
8
1
12
52
2
22
37
255
119
4
2
211
6
255
24
1
4
7
5
156
61
15
4
1
30
2
450
14
67
2
1
2
20
9
2
32
8
1
9
1
2
5
5
1
20
4
35
79
47
1
2
25
5
4
20
22
5
2
46
3
8
2
432
1
13
5
15
61
1
2
2
135
12
56
13
23
109
1
8
1
406
13
15
15
30
562
20
14
14
3
4
10
1
15
257
3
3
8
25
16
1
4
22
16
30
9
15
121
25
1
369
5
43
27
