1
3
3
2
6
1
1
2
2
5
3
3
1
2
2
6
1
1
2
1
5
1
5
9
1
34
4
38
2
1
1
50
1
2
4
8
1
2
52
2
5
1
1
4
1
1
2
20
3
5
1
3
1
4
2
3
2
2
1
4
1
49
2
2
5
77
1
2
2
1
1
5
9
3
1
3
5
2
4
2
2
17
6
2
12
5
6
1
2
1
4
1
3
2
4
2
14
1
12
1
1
2
7
2
2
2
1
4
6
1
3
4
1
2
1
1
2
2
2
5
123
1
10
1
1
4
2
1
2
7
2
1
1
5
5
6
12
2
3
1
1
3
2
1
1
3
2
3
11
16
3
6
3
2
4
12
2
2
4
2
2
1
1
1
2
3
1
1
1
4
1
1
2
12
4
5
8
7
1
24
3
1
1
1
2
2
3
4
5
2
3
8
7
3
1
6
21
1
1
1
1
1
9
1
34
1
5
2
1
42
1
1
4
3
8
2
10
2
2
5
5
7
2
45
50
3
4
2
1
1
1
101
3
1
13
2
1
6
1
3
1
1
2
1
1
2
2
3
2
1
2
18
5
1
1
6
2
2
2
1
2
4
1
1
2
1
1
6
1
6
5
46
3
8
1
1
3
12
2
1
5
5
8
2
9
5
1
3
2
6
2
3
3
1
3
1
2
5
1
3
28
2
7
242
13
2
3
1
1
2
1
2
118
2
2
17
109
1
1
1
2
7
1
2
10
2
1
1
3
4
3
1
3
44
23
2
58
1
8
1
1
3
1
3
3
4
1
24
6
1
1
149
6
2
3
2
5
2
9
2
1
4
2
10
1
9
4
2
3
1
1
2
4
3
6
3
3
6
1
33
6
1
2
2
16
2
1
15
1
3
1
2
2
1
11
4
4
6
6
3
1
1
1
1
1
2
10
4
1
70
2
2
1
4
3
7
2
4
1
2
4
2
4
10
2
10
64
3
3
1
8
7
1
7
7
2
4
1
10
1
3
1
8
3
1
2
5
77
2
3
3
5
5
4
2
1
3
6
2
2
1
6
5
6
4
1
3
8
1
17
6
2
2
4
16
2
2
1
6
1
1
1
7
1
2
64
30
2
1
1
8
2
4
1
1
5
1
14
3
8
1
5
6
21
7
4
1
2
1
1
3
1
2
1
1
11
3
3
1
2
2
2
2
1
3
3
1
3
28
2
1
1
1
2
1
4
1
1
1
35
24
258
1
1
2
2
2
1
1
5
1
1
2
2
2
16
1
8
1
1
3
3
1
1
1
1
15
1
3
1
1
7
13
23
3
2
1
1
2
1
25
2
2
2
1
3
7
6
4
1
2
2
1
2
1
1
1
1
1
1
21
1
1
2
8
1
2
3
2
6
1
1
1
3
1
2
2
2
2
7
2
7
2
4
28
1
3
1
2
4
2
8
12
4
3
2
52
3
2
1
1
4
10
4
6
2
2
14
3
1
2
3
6
4
1
2
19
5
1
5
2
1
3
3
3
4
1
11
2
2
2
4
1
1
2
2
8
1
2
1
2
1
1
3
1
4
2
1
1
10
1
1
1
1
3
2
16
4
2
1
4
2
2
1
4
2
1
1
5
4
4
2
4
2
1
2
8
3
1
1
4
11
19
4
2
2
4
12
1
11694
8
3
5
7
1
1
15
6
2
1
1
11
1
10
15
4
4
3
2
2
1
2
2
1
1
1
2
4
76
2
1
1
4
5
1
11
1
4
1
1
1
1
2
3
7
3
3
4
1
2
5
1
2
2
1
1
1
1
1
2
1
6
1
1
3
2
5
5
4
2
8
1
11
4
3
5
2
1
1
2
20
4
4
1
6
6
2
1
2
1
1
2
6
2
2
1
9
1
3
1
1
3
4
1
2
2
6
1
4
5
1
1
1
2
1
5
4
3
10
3
4
9
2
2
1
1
1
3
3
3
12
1
40
1
122
1
12
3
9
1
1
1
5
4
1
1
10
16
2
1
1
1
1
4
