0.00022482872009277344
0.00010752677917480469
0.0003273487091064453
4.029273986816406e-05
5.793571472167969e-05
0.0016107559204101562
0.00022602081298828125
5.7220458984375e-05
3.409385681152344e-05
0.000186920166015625
0.00015425682067871094
0.00017142295837402344
1.8835067749023438e-05
0.00012159347534179688
7.534027099609375e-05
0.0004210472106933594
3.2901763916015625e-05
0.0001087188720703125
9.274482727050781e-05
7.462501525878906e-05
0.00038051605224609375
2.5510787963867188e-05
0.00016164779663085938
5.7697296142578125e-05
0.0012392997741699219
2.9325485229492188e-05
0.0008614063262939453
0.0004138946533203125
0.0002155303955078125
0.0005419254302978516
0.0002071857452392578
9.894371032714844e-05
3.695487976074219e-05
0.0005426406860351562
0.00020074844360351562
3.62396240234375e-05
3.600120544433594e-05
4.9114227294921875e-05
0.000202178955078125
0.0002396106719970703
0.00026798248291015625
3.409385681152344e-05
0.00040340423583984375
3.457069396972656e-05
0.00012636184692382812
3.147125244140625e-05
5.555152893066406e-05
0.0002644062042236328
0.0002338886260986328
3.0994415283203125e-05
6.985664367675781e-05
4.696846008300781e-05
3.0994415283203125e-05
4.220008850097656e-05
1.9073486328125e-05
6.413459777832031e-05
5.984306335449219e-05
1.9550323486328125e-05
5.698204040527344e-05
4.2438507080078125e-05
3.170967102050781e-05
5.14984130859375e-05
3.1948089599609375e-05
3.695487976074219e-05
6.175041198730469e-05
4.744529724121094e-05
4.458427429199219e-05
3.504753112792969e-05
9.703636169433594e-05
4.1961669921875e-05
1.9311904907226562e-05
1.9788742065429688e-05
0.000125885009765625
2.86102294921875e-05
0.008553743362426758
0.003329038619995117
2.9802322387695312e-05
4.696846008300781e-05
0.00010967254638671875
4.00543212890625e-05
3.62396240234375e-05
5.078315734863281e-05
4.172325134277344e-05
6.389617919921875e-05
0.0001575946807861328
0.00012111663818359375
4.029273986816406e-05
3.147125244140625e-05
0.0005853176116943359
0.0008256435394287109
0.0009009838104248047
0.00012350082397460938
3.337860107421875e-05
0.00010657310485839844
8.821487426757812e-05
0.00010204315185546875
0.00020432472229003906
6.29425048828125e-05
8.487701416015625e-05
3.2901763916015625e-05
3.123283386230469e-05
7.653236389160156e-05
1.9073486328125e-05
0.001961231231689453
0.0002505779266357422
3.695487976074219e-05
7.271766662597656e-05
1.9311904907226562e-05
8.726119995117188e-05
3.314018249511719e-05
3.147125244140625e-05
5.841255187988281e-05
5.555152893066406e-05
5.054473876953125e-05
0.001489877700805664
0.00012230873107910156
3.1948089599609375e-05
2.3365020751953125e-05
0.0002760887145996094
0.000125885009765625
7.462501525878906e-05
0.00010228157043457031
4.458427429199219e-05
0.00011396408081054688
2.7418136596679688e-05
4.410743713378906e-05
4.5299530029296875e-05
4.8160552978515625e-05
0.0005939006805419922
6.365776062011719e-05
4.76837158203125e-05
4.482269287109375e-05
3.933906555175781e-05
0.00017547607421875
5.1975250244140625e-05
0.00018453598022460938
5.364418029785156e-05
0.0008275508880615234
4.935264587402344e-05
2.193450927734375e-05
0.00012302398681640625
2.2649765014648438e-05
0.00012636184692382812
3.147125244140625e-05
7.367134094238281e-05
5.555152893066406e-05
7.2479248046875e-05
0.0004467964172363281
6.031990051269531e-05
0.0005130767822265625
8.535385131835938e-05
8.20159912109375e-05
0.00034308433532714844
5.412101745605469e-05
0.00018787384033203125
0.00010991096496582031
8.225440979003906e-05
5.435943603515625e-05
3.337860107421875e-05
0.0001347064971923828
5.888938903808594e-05
0.0001728534698486328
0.0010342597961425781
4.673004150390625e-05
4.6253204345703125e-05
0.00038051605224609375
0.000240325927734375
2.2172927856445312e-05
5.0067901611328125e-05
3.314018249511719e-05
0.00026607513427734375
0.0005173683166503906
3.0517578125e-05
8.630752563476562e-05
9.298324584960938e-05
6.0558319091796875e-05
0.0017552375793457031
0.00010013580322265625
5.2928924560546875e-05
0.0001308917999267578
5.340576171875e-05
5.9604644775390625e-05
5.221366882324219e-05
2.5510787963867188e-05
7.748603820800781e-05
3.743171691894531e-05
3.170967102050781e-05
0.00032067298889160156
3.8623809814453125e-05
1.9788742065429688e-05
7.104873657226562e-05
5.650520324707031e-05
0.0004992485046386719
6.008148193359375e-05
2.2649765014648438e-05
0.0006582736968994141
0.0017848014831542969
9.298324584960938e-05
4.2438507080078125e-05
0.00010132789611816406
0.000125885009765625
2.2649765014648438e-05
5.2928924560546875e-05
2.4318695068359375e-05
1.9073486328125e-05
0.0003266334533691406
0.0001010894775390625
0.018197059631347656
6.699562072753906e-05
2.0265579223632812e-05
0.0003311634063720703
4.00543212890625e-05
7.534027099609375e-05
5.269050598144531e-05
9.942054748535156e-05
4.553794860839844e-05
0.0002911090850830078
2.9087066650390625e-05
1.9311904907226562e-05
3.314018249511719e-05
3.2901763916015625e-05
0.0003733634948730469
0.00010919570922851562
0.0006699562072753906
0.00010585784912109375
0.14408540725708008
0.00029587745666503906
0.00023794174194335938
0.0002295970916748047
0.00031495094299316406
0.00018906593322753906
0.0001354217529296875
0.00017380714416503906
3.600120544433594e-05
5.3882598876953125e-05
0.00011157989501953125
8.249282836914062e-05
0.0003535747528076172
0.010495662689208984
6.151199340820312e-05
7.009506225585938e-05
5.316734313964844e-05
7.390975952148438e-05
0.0005486011505126953
0.00025963783264160156
4.744529724121094e-05
6.0558319091796875e-05
0.0003972053527832031
5.5789947509765625e-05
7.534027099609375e-05
3.6716461181640625e-05
7.367134094238281e-05
6.4849853515625e-05
3.24249267578125e-05
2.5510787963867188e-05
1.9788742065429688e-05
5.626678466796875e-05
4.0531158447265625e-05
4.267692565917969e-05
2.5510787963867188e-05
2.002716064453125e-05
0.002745389938354492
4.291534423828125e-05
0.00011801719665527344
0.00023651123046875
0.0004177093505859375
1.9311904907226562e-05
5.0067901611328125e-05
5.340576171875e-05
0.00025177001953125
4.1484832763671875e-05
6.031990051269531e-05
0.007125377655029297
2.5033950805664062e-05
0.00013899803161621094
0.00017309188842773438
9.584426879882812e-05
0.00035572052001953125
5.745887756347656e-05
2.193450927734375e-05
4.649162292480469e-05
4.3392181396484375e-05
9.012222290039062e-05
4.4345855712890625e-05
6.365776062011719e-05
0.00017118453979492188
2.2411346435546875e-05
9.107589721679688e-05
0.00012755393981933594
0.0009202957153320312
0.0003879070281982422
2.8371810913085938e-05
4.9114227294921875e-05
0.0006334781646728516
3.337860107421875e-05
0.0007300376892089844
0.00012111663818359375
3.1948089599609375e-05
5.269050598144531e-05
5.030632019042969e-05
4.458427429199219e-05
0.000576019287109375
0.00022935867309570312
7.104873657226562e-05
7.343292236328125e-05
3.3855438232421875e-05
0.00014925003051757812
4.76837158203125e-05
0.0015037059783935547
0.0001068115234375
0.000244140625
3.62396240234375e-05
3.4332275390625e-05
2.6226043701171875e-05
0.00010991096496582031
8.940696716308594e-05
3.409385681152344e-05
0.0001423358917236328
5.14984130859375e-05
1.9550323486328125e-05
4.267692565917969e-05
1.9550323486328125e-05
2.2411346435546875e-05
3.123283386230469e-05
3.0994415283203125e-05
3.314018249511719e-05
8.559226989746094e-05
3.409385681152344e-05
0.00012087821960449219
0.00030517578125
0.00016546249389648438
3.147125244140625e-05
5.030632019042969e-05
0.00015163421630859375
4.38690185546875e-05
4.00543212890625e-05
9.72747802734375e-05
9.632110595703125e-05
3.147125244140625e-05
2.5987625122070312e-05
0.0001437664031982422
2.6464462280273438e-05
4.744529724121094e-05
3.528594970703125e-05
0.0011742115020751953
3.337860107421875e-05
7.772445678710938e-05
4.458427429199219e-05
7.271766662597656e-05
0.00022220611572265625
1.9788742065429688e-05
2.384185791015625e-05
3.8623809814453125e-05
0.0003859996795654297
7.700920104980469e-05
0.0001976490020751953
0.00011563301086425781
0.00011515617370605469
0.000431060791015625
3.4332275390625e-05
7.748603820800781e-05
4.553794860839844e-05
0.0014214515686035156
5.459785461425781e-05
7.724761962890625e-05
7.152557373046875e-05
0.0001437664031982422
0.0018570423126220703
9.775161743164062e-05
5.5789947509765625e-05
8.153915405273438e-05
2.5033950805664062e-05
4.363059997558594e-05
4.4345855712890625e-05
3.4809112548828125e-05
8.440017700195312e-05
0.0010688304901123047
2.7179718017578125e-05
5.316734313964844e-05
4.0531158447265625e-05
8.678436279296875e-05
6.771087646484375e-05
3.314018249511719e-05
2.7894973754882812e-05
0.00010371208190917969
8.559226989746094e-05
0.00011992454528808594
7.033348083496094e-05
5.6743621826171875e-05
0.00044989585876464844
0.00011086463928222656
1.9550323486328125e-05
0.001077890396118164
3.314018249511719e-05
0.0001647472381591797
8.893013000488281e-05
